[179, 195, 0, 0.5]
[179, 146, 1, 0.513]
[179, 117, 2, 0.5]
[179, 106, 3, 0.5156]
[179, 102, 4, 0.5156]
[179, 139, 5, 0.5156]
[179, 108, 6, 0.5156]
[179, 109, 7, 0.5156]
[179, 106, 8, 0.5156]
[179, 169, 9, 0.5156]
[179, 151, 10, 0.5156]
[179, 149, 11, 0.5156]
[179, 131, 12, 0.5155]
[179, 100, 13, 0.5155]
[179, 135, 14, 0.5156]
[179, 190, 15, 0.5155]
[179, 163, 16, 0.5156]
[179, 196, 17, 0.5155]
[179, 153, 18, 0.5]
[179, 147, 19, 0.5156]
[179, 122, 20, 0.5004]
[179, 103, 21, 0.5156]
[179, 123, 22, 0.5155]
[179, 134, 23, 0.5]
[179, 168, 24, 0.5156]
[179, 101, 25, 0.5156]
[179, 156, 26, 0.5156]
[179, 179, 27, 0.5156]
[179, 137, 28, 0.5095]
[179, 156, 29, 0.5156]
[179, 122, 30, 0.5155]
[179, 176, 31, 0.5156]
[179, 140, 32, 0.5127]
[179, 133, 33, 0.5051]
[179, 194, 34, 0.5156]
[179, 174, 35, 0.5156]
[179, 196, 36, 0.5156]
[179, 122, 37, 0.5155]
[179, 150, 38, 0.5155]
[179, 186, 39, 0.5]
[179, 191, 40, 0.5031]
[179, 124, 41, 0.5]
[179, 158, 42, 0.5155]
[179, 193, 43, 0.5156]
[179, 142, 44, 0.5]
[179, 129, 45, 0.5156]
[179, 121, 46, 0.5155]
[179, 166, 47, 0.5]
[179, 140, 48, 0.5155]
[179, 194, 49, 0.5156]
[139, 152, 0, 0.5156]
[139, 191, 1, 0.5156]
[139, 158, 2, 0.5156]
[139, 124, 3, 0.5156]
[139, 103, 4, 0.5156]
[139, 141, 5, 0.5155]
[139, 140, 6, 0.5156]
[139, 180, 7, 0.5129]
[139, 147, 8, 0.5156]
[139, 107, 9, 0.5156]
[139, 180, 10, 0.5156]
[139, 127, 11, 0.5155]
[139, 160, 12, 0.5]
[139, 136, 13, 0.5156]
[139, 118, 14, 0.5156]
[139, 185, 15, 0.5155]
[139, 129, 16, 0.5]
[139, 109, 17, 0.5156]
[139, 111, 18, 0.5156]
[139, 119, 19, 0.5155]
[139, 182, 20, 0.5]
[139, 110, 21, 0.5156]
[139, 110, 22, 0.5156]
[139, 133, 23, 0.5156]
[139, 149, 24, 0.5156]
[139, 161, 25, 0.5155]
[139, 192, 26, 0.5015]
[139, 163, 27, 0.5155]
[139, 143, 28, 0.5155]
[139, 154, 29, 0.5]
[139, 177, 30, 0.5156]
[139, 158, 31, 0.5155]
[139, 122, 32, 0.5156]
[50, 124, 0, 0.5156]
[50, 110, 1, 0.5155]
[50, 184, 2, 0.5156]
[50, 136, 3, 0.5156]
[50, 115, 4, 0.5011]
[50, 166, 5, 0.5155]
[50, 137, 6, 0.5]
[50, 190, 7, 0.5156]
[50, 122, 8, 0.5156]
[50, 164, 9, 0.5156]
[50, 115, 10, 0.5155]
[50, 156, 11, 0.5156]
[50, 158, 12, 0.5156]
[50, 134, 13, 0.5155]
[50, 163, 14, 0.5]
[50, 104, 15, 0.5156]
[50, 185, 16, 0.5156]
[50, 123, 17, 0.5155]
[50, 174, 18, 0.5156]
[50, 199, 19, 0.5156]
[50, 120, 20, 0.5155]
[50, 172, 21, 0.5156]
[50, 131, 22, 0.5156]
[50, 174, 23, 0.5132]
[50, 181, 24, 0.5]
[50, 150, 25, 0.5156]
[50, 106, 26, 0.5156]
[50, 177, 27, 0.5156]
[50, 183, 28, 0.5155]
[50, 149, 29, 0.5156]
[50, 191, 30, 0.5155]
[50, 197, 31, 0.5156]
[50, 134, 32, 0.5156]
[50, 108, 33, 0.5155]
[50, 174, 34, 0.5156]
[50, 182, 35, 0.5156]
[50, 117, 36, 0.5156]
[50, 138, 37, 0.5156]
[50, 101, 38, 0.5156]
[50, 172, 39, 0.5156]
[50, 143, 40, 0.5156]
[50, 115, 41, 0.5155]
[50, 171, 42, 0.5155]
[50, 105, 43, 0.5005]
[50, 143, 44, 0.5156]
[50, 188, 45, 0.5156]
[50, 133, 46, 0.5156]
[50, 129, 47, 0.5156]
[50, 109, 48, 0.5156]
[50, 104, 49, 0.5156]
[50, 167, 0, 0.5156]
[50, 167, 1, 0.5155]
[50, 145, 2, 0.5]
[50, 181, 3, 0.5155]
[50, 123, 4, 0.5156]
[50, 163, 5, 0.5155]
[50, 115, 6, 0.5156]
[50, 180, 7, 0.5156]
[50, 133, 8, 0.5156]
[50, 113, 9, 0.5155]
[50, 192, 10, 0.5]
[50, 119, 11, 0.5156]
[50, 188, 12, 0.5155]
[50, 105, 13, 0.5]
[50, 197, 14, 0.5156]
[50, 190, 15, 0.5155]
[50, 183, 16, 0.5]
[50, 195, 17, 0.511]
[50, 174, 18, 0.5155]
[50, 187, 19, 0.5156]
[50, 135, 20, 0.5156]
[50, 179, 21, 0.5156]
[50, 178, 22, 0.5156]
[50, 165, 23, 0.5155]
[50, 164, 24, 0.5]
[50, 111, 25, 0.5155]
[50, 178, 26, 0.5156]
[50, 121, 27, 0.5156]
[50, 154, 28, 0.5156]
[50, 198, 29, 0.5156]
[50, 199, 30, 0.5156]
[50, 134, 31, 0.5156]
[50, 145, 32, 0.5156]
[50, 127, 33, 0.5156]
[50, 169, 34, 0.5155]
[50, 103, 35, 0.5]
[50, 136, 36, 0.5155]
[50, 108, 37, 0.5003]
[50, 147, 38, 0.5155]
[50, 189, 39, 0.5156]
[50, 172, 40, 0.5156]
[50, 187, 41, 0.5155]
[50, 145, 42, 0.5]
[50, 160, 43, 0.5155]
[50, 190, 44, 0.5156]
[50, 163, 45, 0.5]
[50, 195, 46, 0.5156]
[50, 144, 47, 0.5155]
[50, 195, 48, 0.5156]
[50, 102, 49, 0.5155]
[50, 149, 0, 0.5]
[50, 142, 1, 0.5155]
[50, 149, 2, 0.5085]
[50, 137, 3, 0.5156]
[50, 153, 4, 0.5156]
[50, 176, 5, 0.5155]
[50, 118, 6, 0.5156]
[50, 121, 7, 0.5155]
[50, 197, 8, 0.5]
[50, 155, 9, 0.5155]
[50, 148, 10, 0.5156]
[50, 121, 11, 0.5156]
[50, 153, 12, 0.5156]
[50, 123, 13, 0.5155]
[50, 167, 14, 0.5156]
[50, 155, 15, 0.5155]
[50, 168, 16, 0.5156]
[50, 190, 17, 0.5156]
[50, 105, 18, 0.5156]
[50, 122, 19, 0.5155]
[50, 123, 20, 0.5156]
[50, 108, 21, 0.508]
[50, 190, 22, 0.5155]
[50, 159, 23, 0.5156]
[50, 159, 24, 0.5155]
[50, 199, 25, 0.5155]
[50, 164, 26, 0.5156]
[50, 198, 27, 0.5155]
[50, 134, 28, 0.5156]
[50, 101, 29, 0.5156]
[50, 143, 30, 0.5156]
[50, 167, 31, 0.5155]
[50, 193, 32, 0.5156]
[50, 178, 33, 0.5]
[50, 145, 34, 0.5156]
[50, 156, 35, 0.5156]
[50, 160, 36, 0.5155]
[50, 118, 37, 0.5156]
[50, 116, 38, 0.5156]
[50, 165, 39, 0.5155]
[50, 151, 40, 0.5143]
[50, 168, 41, 0.5]
[50, 164, 42, 0.5155]
[50, 158, 43, 0.5156]
[50, 157, 44, 0.5156]
[50, 131, 45, 0.5155]
[50, 116, 46, 0.5156]
[50, 137, 47, 0.5156]
[50, 177, 48, 0.5156]
[50, 156, 49, 0.5156]
[50, 182, 0, 0.5156]
[50, 105, 1, 0.5152]
[50, 198, 2, 0.5155]
[50, 140, 3, 0.5156]
[50, 183, 4, 0.5156]
[50, 196, 5, 0.5155]
[50, 151, 6, 0.5156]
[50, 126, 7, 0.5156]
[50, 112, 8, 0.5156]
[50, 186, 9, 0.5155]
[50, 152, 10, 0.5156]
[50, 138, 11, 0.5155]
[50, 148, 12, 0.5156]
[50, 146, 13, 0.5155]
[50, 160, 14, 0.5155]
[50, 192, 15, 0.5]
[50, 146, 16, 0.5155]
[50, 138, 17, 0.5156]
[50, 155, 18, 0.5156]
[50, 140, 19, 0.5155]
[50, 168, 20, 0.5156]
[50, 130, 21, 0.5025]
[50, 147, 22, 0.5156]
[50, 198, 23, 0.5155]
[50, 196, 24, 0.5]
[50, 151, 25, 0.5156]
[50, 108, 26, 0.5156]
[50, 160, 27, 0.5156]
[50, 148, 28, 0.5156]
[50, 116, 29, 0.5155]
[50, 109, 30, 0.5156]
[50, 134, 31, 0.5155]
[50, 162, 32, 0.5]
[50, 159, 33, 0.5155]
[50, 150, 34, 0.5118]
[50, 105, 35, 0.5155]
[50, 159, 36, 0.5002]
[50, 156, 37, 0.5]
[50, 191, 38, 0.5155]
[50, 104, 39, 0.5156]
[50, 142, 40, 0.5032]
[50, 194, 41, 0.5]
[50, 165, 42, 0.5156]
[50, 101, 43, 0.5156]
[50, 108, 44, 0.5155]
[50, 147, 45, 0.5]
[50, 112, 46, 0.5155]
[50, 152, 47, 0.5156]
[50, 187, 48, 0.5156]
[50, 151, 49, 0.5156]
[50, 125, 0, 0.5155]
[50, 154, 1, 0.5156]
[50, 139, 2, 0.5156]
[50, 194, 3, 0.5156]
[50, 142, 4, 0.5155]
[50, 177, 5, 0.5156]
[50, 106, 6, 0.5155]
[50, 153, 7, 0.5156]
[50, 124, 8, 0.5156]
[50, 146, 9, 0.5155]
[50, 130, 10, 0.5156]
[50, 184, 11, 0.5155]
[50, 106, 12, 0.5]
[50, 151, 13, 0.5156]
[50, 138, 14, 0.5156]
[50, 195, 15, 0.5156]
[50, 140, 16, 0.5011]
[50, 161, 17, 0.5156]
[50, 162, 18, 0.5156]
[50, 142, 19, 0.5156]
[50, 150, 20, 0.5155]
[50, 163, 21, 0.5156]
[50, 147, 22, 0.5156]
[50, 121, 23, 0.5156]
[50, 190, 24, 0.5156]
[50, 113, 25, 0.5156]
[50, 145, 26, 0.5156]
[50, 130, 27, 0.5155]
[50, 143, 28, 0.5]
[50, 155, 29, 0.5155]
[50, 123, 30, 0.5]
[50, 147, 31, 0.5156]
[50, 132, 32, 0.5156]
[50, 196, 33, 0.5156]
[50, 158, 34, 0.5155]
[50, 186, 35, 0.5011]
[50, 134, 36, 0.5155]
[50, 182, 37, 0.5]
[50, 192, 38, 0.5155]
[50, 152, 39, 0.5156]
[50, 109, 40, 0.5155]
[50, 158, 41, 0.5156]
[50, 180, 42, 0.5156]
[50, 166, 43, 0.5155]
[50, 186, 44, 0.5155]
[50, 125, 45, 0.5]
[50, 132, 46, 0.5155]
[50, 105, 47, 0.5156]
[50, 135, 48, 0.5155]
[50, 127, 49, 0.5]
[50, 142, 0, 0.5156]
[50, 173, 1, 0.5155]
[50, 164, 2, 0.5]
[50, 152, 3, 0.5156]
[50, 122, 4, 0.5155]
[50, 189, 5, 0.5155]
[50, 177, 6, 0.5]
[50, 175, 7, 0.5156]
[50, 177, 8, 0.5156]
[50, 153, 9, 0.5155]
[50, 140, 10, 0.5]
[50, 173, 11, 0.5156]
[50, 186, 12, 0.5156]
[50, 102, 13, 0.5156]
[50, 157, 14, 0.5156]
[50, 144, 15, 0.5155]
[50, 154, 16, 0.5156]
[50, 113, 17, 0.5147]
[50, 137, 18, 0.5156]
[50, 190, 19, 0.5155]
[50, 152, 20, 0.5156]
[50, 122, 21, 0.5]
[50, 185, 22, 0.5156]
[50, 125, 23, 0.5155]
[50, 177, 24, 0.5156]
[50, 180, 25, 0.5156]
[50, 136, 26, 0.5156]
[50, 166, 0, 0.5156]
[50, 174, 1, 0.5155]
[50, 151, 2, 0.5156]
[50, 180, 3, 0.5156]
[50, 184, 4, 0.5155]
[50, 130, 5, 0.5]
[50, 102, 6, 0.5155]
[50, 135, 7, 0.5]
[50, 162, 8, 0.5155]
[50, 112, 9, 0.5156]
[50, 137, 10, 0.5155]
[50, 191, 11, 0.5156]
[50, 179, 12, 0.5156]
[50, 107, 13, 0.5156]
[50, 182, 14, 0.5155]
[50, 136, 15, 0.5]
[50, 128, 16, 0.5156]
[50, 102, 17, 0.5155]
[50, 129, 18, 0.5003]
[50, 148, 19, 0.5156]
[50, 125, 20, 0.5156]
[50, 101, 21, 0.5155]
[50, 125, 22, 0.5156]
[50, 109, 23, 0.5156]
[50, 109, 24, 0.5156]
[50, 100, 25, 0.5155]
[50, 148, 26, 0.5]
[50, 123, 27, 0.5155]
[50, 176, 28, 0.5156]
[50, 138, 29, 0.5155]
[50, 171, 30, 0.5155]
[50, 150, 31, 0.5156]
[50, 111, 32, 0.5156]
[50, 198, 33, 0.5156]
[50, 160, 34, 0.5155]
[50, 116, 35, 0.5]
[50, 193, 0, 0.5]
[50, 170, 1, 0.5155]
[50, 107, 2, 0.5001]
[50, 139, 3, 0.5155]
[50, 122, 4, 0.5156]
[50, 133, 5, 0.5156]
[50, 154, 6, 0.5156]
[50, 106, 7, 0.5156]
[50, 183, 8, 0.5155]
[50, 184, 9, 0.5156]
[50, 134, 10, 0.5156]
[50, 115, 11, 0.5156]
[50, 179, 12, 0.5155]
[50, 140, 13, 0.5156]
[50, 137, 14, 0.5155]
[50, 194, 15, 0.5156]
[50, 143, 16, 0.5]
[50, 115, 17, 0.5155]
[50, 178, 18, 0.5007]
[50, 165, 0, 0.5156]
[50, 180, 1, 0.5155]
[50, 156, 2, 0.5]
[50, 181, 3, 0.5023]
[50, 120, 4, 0.5156]
[50, 162, 5, 0.5155]
[50, 199, 6, 0.5]
[50, 179, 7, 0.5155]
[50, 180, 8, 0.5156]
[50, 117, 9, 0.5]
[50, 177, 10, 0.5156]
[50, 156, 11, 0.5156]
[50, 114, 12, 0.5156]
[50, 108, 13, 0.5156]
[50, 143, 14, 0.5156]
[50, 106, 15, 0.5156]
[50, 106, 16, 0.5155]
[50, 139, 17, 0.5156]
[50, 147, 18, 0.5156]
[50, 193, 19, 0.5156]
[50, 115, 20, 0.5156]
[50, 127, 21, 0.5155]
[50, 141, 22, 0.5156]
[50, 134, 23, 0.5131]
[50, 171, 24, 0.5156]
[50, 129, 25, 0.5156]
[50, 190, 26, 0.5156]
[50, 108, 27, 0.5156]
[50, 135, 28, 0.5156]
[50, 155, 29, 0.5156]
[50, 193, 30, 0.5156]
[50, 187, 31, 0.5156]
[50, 157, 32, 0.5156]
[50, 101, 33, 0.5155]
[50, 116, 34, 0.5155]
[50, 164, 35, 0.5]
[50, 176, 36, 0.5156]
[50, 167, 37, 0.5155]
[50, 191, 38, 0.5156]
[50, 158, 39, 0.5156]
[50, 195, 40, 0.5156]
[50, 189, 41, 0.5155]
[50, 196, 42, 0.5001]
[50, 132, 43, 0.5]
[50, 189, 44, 0.5]
[50, 166, 45, 0.5155]
[50, 141, 46, 0.5156]
[50, 199, 47, 0.5155]
[50, 173, 48, 0.5156]
[50, 125, 49, 0.5156]
[50, 128, 0, 0.5]
[50, 105, 1, 0.5155]
[50, 196, 2, 0.5]
[50, 119, 3, 0.5225]
[50, 113, 4, 0.5156]
[50, 148, 5, 0.5155]
[50, 197, 6, 0.5156]
[50, 119, 7, 0.5155]
[50, 176, 8, 0.5156]
[50, 142, 9, 0.5156]
[50, 181, 10, 0.5155]
[50, 173, 11, 0.5]
[50, 130, 12, 0.5156]
[50, 184, 13, 0.5156]
[50, 129, 14, 0.5156]
[50, 195, 15, 0.5155]
[50, 169, 16, 0.5155]
[50, 156, 17, 0.5]
[50, 147, 18, 0.5156]
[50, 156, 19, 0.5156]
[50, 121, 20, 0.5156]
[50, 110, 21, 0.5156]
[50, 118, 22, 0.5155]
[50, 181, 23, 0.515]
[50, 122, 24, 0.5156]
[50, 139, 25, 0.5156]
[50, 185, 26, 0.5156]
[50, 149, 27, 0.5155]
[50, 192, 28, 0.5156]
[50, 166, 29, 0.5156]
[50, 150, 30, 0.5156]
[50, 116, 31, 0.5155]
[50, 193, 32, 0.5]
[50, 141, 33, 0.5156]
[50, 145, 34, 0.5156]
[50, 173, 35, 0.5156]
[50, 139, 36, 0.5156]
[50, 116, 37, 0.5155]
[50, 110, 38, 0.5]
[50, 136, 39, 0.5155]
[50, 137, 40, 0.5]
[50, 184, 41, 0.5155]
[50, 169, 42, 0.5023]
[50, 108, 43, 0.5156]
[50, 178, 44, 0.5155]
[50, 104, 45, 0.5156]
[50, 129, 46, 0.5155]
[50, 147, 47, 0.5]
[50, 139, 48, 0.5155]
[50, 101, 49, 0.5]
[50, 143, 0, 0.5156]
[50, 167, 1, 0.5155]
[50, 176, 2, 0.5156]
[50, 118, 3, 0.5155]
[50, 108, 4, 0.5009]
[50, 151, 5, 0.5]
[50, 113, 6, 0.5156]
[50, 137, 7, 0.5156]
[50, 119, 8, 0.5156]
[50, 195, 9, 0.5156]
[50, 133, 10, 0.5156]
[50, 175, 11, 0.5155]
[50, 129, 12, 0.5156]
[50, 170, 13, 0.5156]
[50, 109, 14, 0.5156]
[50, 126, 15, 0.5156]
[50, 180, 16, 0.5156]
[50, 107, 17, 0.5155]
[50, 171, 18, 0.5]
[50, 165, 19, 0.5155]
[50, 170, 20, 0.5]
[50, 114, 21, 0.5156]
[50, 143, 22, 0.5156]
[50, 123, 23, 0.5156]
[50, 150, 24, 0.5156]
[50, 132, 25, 0.5155]
[50, 193, 26, 0.5]
[50, 192, 27, 0.5156]
[50, 104, 28, 0.5156]
[50, 136, 29, 0.5156]
[50, 128, 30, 0.5156]
[50, 145, 31, 0.5156]
[50, 158, 32, 0.5156]
[50, 160, 33, 0.5155]
[50, 181, 34, 0.5156]
[50, 150, 35, 0.5156]
[50, 103, 36, 0.5156]
[50, 142, 37, 0.5155]
[50, 172, 38, 0.5156]
[50, 131, 39, 0.5156]
[50, 103, 40, 0.5013]
[50, 112, 41, 0.5156]
[50, 121, 42, 0.5156]
[50, 130, 43, 0.5156]
[50, 176, 44, 0.5156]
[50, 147, 45, 0.5156]
[50, 169, 46, 0.5155]
[50, 196, 47, 0.5156]
[50, 118, 48, 0.5155]
[50, 110, 49, 0.5156]
